830 117 178 498 857 200 747 679 921 109 1073 607 180 786 627 74 299 1032 774 137 853 642 113 572 710 492 272 521 935 493 893 216 22 717 345 447 839 505 986 829 
0.616235865
l:      2000
ti:     2.1
tm:     0.00001
phi:    0.999
n:      1
s:      4693